tree
version=v4
num_class=1
num_tree_per_iteration=1
label_index=0
max_feature_idx=14
objective=binary sigmoid:1
feature_names=primary_proba volatility_20 volatility_50 displacement_ratio liquidity_swept_buy liquidity_swept_sell structure_bias_16 structure_bias_48 nearest_bull_fvg_dist nearest_bear_fvg_dist htf_alignment atr_14 buying_pressure_8 body_momentum_8 range_expansion
feature_infos=[0.0034270611523914509:0.98221625685557579] [0.00029995977066167844:0.027727411221959226] [0.00032883248963904002:0.01743571105624183] [0.35438765670202416:5.0151785078030207] [0:1] [0:1] [-1:1] [-1:1] [-2.3826845548033332e-05:0.076576169950275622] [-0.051874259051354225:0.0020427803937330688] [-1:1] [9.6357142857146503:956.17142857142915] [0.125:1] [-0.0035831711236479907:0.0060360237670581424] [0.22566248716355966:5.2478958836763052]
tree_sizes=1050 1094 1192 1187 1087 1299 1205 1099 1186 1198 1203 1196

Tree=0
num_leaves=9
num_cat=0
split_feature=7 13 7 8 3 13 8 0
split_gain=16.1357 9.735 6.78699 4.68347 3.71745 1.89959 1.60916 2.22045e-16
threshold=-0.062499999999999993 -1.3722316370416078e-05 0.81250000000000011 0.0096248501954759192 0.75735744612956057 0.00022500093308759755 0.015393223412818615 0.93567739060852684
decision_type=2 2 2 2 2 2 2 2
left_child=4 3 5 -2 -1 -3 7 -6
right_child=1 2 -4 -5 6 -7 -8 -9
leaf_value=1.7963965438212179 1.8929837606373126 1.5716217256547107 1.7740285316392312 1.7373038229255089 1.9446454062411345 1.6632832974892657 1.8360224471683038 1.9446454062411342
leaf_weight=1.0118121709674599 0.96783601306378819 0.93827825412154231 1.1722170207649472 0.9645918644964695 0.85357008688151814 1.4216555692255495 0.46030785329639901 0.46138923615217209
leaf_count=32 38 13 35 26 37 30 16 20
internal_value=1.77498 1.72505 1.67569 1.81527 1.87289 1.62684 1.91648 1.94465
internal_weight=8.25166 5.46458 3.53215 1.93243 2.78708 2.35993 1.77527 1.31496
internal_count=247 142 78 64 105 43 73 57
is_linear=0
shrinkage=1


Tree=1
num_leaves=9
num_cat=0
split_feature=7 13 1 8 8 14 7 14
split_gain=11.6936 6.28009 4.45081 4.22177 3.59508 3.3437 1.97799 8.62536e-05
threshold=-0.062499999999999993 -1.3722316370416078e-05 0.0021539693361586798 0.0062690298165335246 0.0096248501954759192 0.78474571909024726 0.39583333333333343 0.80215897223725297
decision_type=2 2 2 2 2 2 2 2
left_child=2 4 7 6 -2 -4 -3 -1
right_child=1 3 5 -5 -6 -7 -8 -9
leaf_value=0.058080090767203468 0.0056436113175774285 -0.24823068476486526 -0.14748152278425328 -0.084795588251234136 -0.12737257865726867 -0.001450301879620468 -0.16696530700957396 0.057232115134027185
leaf_weight=0.50659434683620952 0.96362375281751189 1.2980863135308029 0.72926741465926148 1.0403342284262178 1.0742737278342245 0.84757032059133053 1.7694669924676416 0.73492860607802868
leaf_count=21 38 15 18 27 26 33 36 33
internal_value=-0.0975635 -0.136236 -0.013234 -0.171835 -0.0644756 -0.0689879 -0.201354 0.0575781
internal_weight=8.96415 6.14579 2.81836 4.10789 2.0379 1.57684 3.06755 1.24152
internal_count=247 142 105 78 64 51 51 54
is_linear=0
shrinkage=0.05


Tree=2
num_leaves=10
num_cat=0
split_feature=7 1 1 1 5 14 11 2 14
split_gain=9.52154 4.14532 4.8307 3.86383 2.47167 2.2513 1.61548 1.37211 0.000165022
threshold=-0.56249999999999989 0.0011409527204793689 0.002234661866115898 0.0033185677830491495 1.0000000180025095e-35 0.99490805928499615 105.43214285714282 0.0027793289332513466 0.82909912887844905
decision_type=2 2 2 2 2 2 2 2 2
left_child=7 -2 4 5 6 -4 -3 8 -1
right_child=1 2 3 -5 -6 -7 -8 -9 -10
leaf_value=0.058317835154999012 -0.02311411558653842 -0.16777186876762043 -0.070486370662311906 -0.12839016785483093 -0.20588616898222523 0.059202893109355254 -0.081186274358409416 -0.043084316336659351 0.057075837088689518
leaf_weight=0.48900983482599325 1.2065700963139514 1.0935957860201599 0.76363203860819362 1.5946029573678968 1.6900354046374562 0.59564741142094135 1.0616988725960252 0.49236937798559655 0.59028758853673935
leaf_count=20 37 18 19 35 25 23 27 16 27
internal_value=-0.0864333 -0.108522 -0.123679 -0.075593 -0.160617 -0.0136555 -0.12512 0.0260843 0.0576386
internal_weight=9.57745 8.00578 6.79921 2.95388 3.84533 1.35928 2.15529 1.57167 1.0793
internal_count=247 184 147 77 70 42 45 63 47
is_linear=0
shrinkage=0.05


Tree=3
num_leaves=10
num_cat=0
split_feature=7 1 9 8 2 14 1 9 1
split_gain=7.67359 3.15 3.69053 4.17063 5.38621 2.53193 2.15493 1.57114 0.000200385
threshold=-0.56249999999999989 0.0011409527204793689 -0.003663277942375157 0.0097187517464366081 0.002506242512855934 0.44287716612307099 0.001555094793192422 -0.0016414742772469773 0.0022870378278602305
decision_type=2 2 2 2 2 2 2 2 2
left_child=7 -2 3 4 -3 -4 -7 8 -1
right_child=1 2 5 -5 -6 6 -8 -9 -10
leaf_value=0.056909622966178477 -0.021611236787473797 -0.02299078255954692 -0.23375474044474709 0.011217435921561804 -0.16004573993639382 -0.17223644357347179 -0.082316568792333955 -0.053598004850283147 0.058263251761614648
leaf_weight=0.53586166538298108 1.225448552519081 1.1881560273468488 0.67204140126705292 1.0237800572067497 1.807226028293371 1.2731799222528937 1.3977777808904646 0.44761932455003339 0.55821578204631805
leaf_count=25 37 33 4 33 29 15 33 15 23
internal_value=-0.077396 -0.0958353 -0.10819 -0.0759042 -0.105681 -0.147006 -0.125179 0.0253147 0.0576003
internal_weight=10.1293 8.58761 7.36216 4.01916 2.99538 3.343 2.67096 1.5417 1.09408
internal_count=247 184 147 95 62 52 48 63 48
is_linear=0
shrinkage=0.05


Tree=4
num_leaves=9
num_cat=0
split_feature=7 2 2 11 11 9 14 2
split_gain=6.31981 2.06277 6.97833 4.84228 3.90049 1.45145 0.880779 0.00015536
threshold=-0.56249999999999989 0.002506242512855934 0.0031055438069123383 142.88000000000184 56.146428571428658 -0.0016414742772469773 0.94251500657563636 0.002461854471723101
decision_type=2 2 2 2 2 2 2 2
left_child=5 3 -3 4 -2 7 -6 -1
right_child=1 2 -4 -5 6 -7 -8 -9
leaf_value=0.056555442565658171 -0.017835031109546835 -0.17408874153888254 -0.034484193910117526 0.020873818774705778 -0.14747796789082909 -0.048951330445123842 -0.092369105558644124 0.057773083064734346
leaf_weight=0.51401880010962464 1.2498321458697299 2.1072122007608418 1.556226812303066 1.2331146188080309 1.6500352881848814 0.46512622758746225 1.2933601345866916 0.53422632068395615
leaf_count=25 34 25 39 39 21 15 26 23
internal_value=-0.0700454 -0.0857962 -0.114785 -0.0662253 -0.0918388 0.0245584 -0.123263 0.057176
internal_weight=10.6032 9.08978 3.66344 5.42634 4.19323 1.51337 2.9434 1.04825
internal_count=247 184 64 120 81 63 47 48
is_linear=0
shrinkage=0.05


Tree=5
num_leaves=11
num_cat=0
split_feature=3 3 0 2 9 0 14 0 8 10
split_gain=3.76057 5.11913 4.94896 3.80123 3.69323 3.44294 2.40806 1.33472 0.897159 0.000550944
threshold=2.0726347449764542 1.0517514492724642 0.016720531208926585 0.0021174685639766522 -0.005138189764871951 0.76735708584436269 0.87155346927033683 0.055375160686540734 0.0040164983098587449 1.0000000180025095e-35
decision_type=2 2 2 2 2 2 2 2 2 2
left_child=1 2 4 9 -1 6 7 -4 -7 -3
right_child=-2 3 5 -5 -6 8 -8 -9 -10 -11
leaf_value=0.06039013441330722 -0.18044505419181489 0.058901297494185247 -0.1382551748900471 -0.059980525916713434 -0.10124905099223119 -0.081776835722825125 -0.17823837865894945 -0.06375017538100132 -0.0088008596380544941 0.061127974337105963
leaf_weight=0.8329545259475708 0.82934066466987211 0.57004949077963851 1.2502698916941883 1.6257100012153385 0.61379935964941779 1.0327947214245794 1.8544573802500961 1.1577609572559593 0.71116959862411011 0.54186787270009518
leaf_count=30 14 23 22 37 13 21 19 22 21 19
internal_value=-0.0780589 -0.0697266 -0.0912039 -0.0112546 -0.00818686 -0.1112 -0.135414 -0.102434 -0.052018 0.0599864
internal_weight=11.0202 10.1908 7.45321 2.73763 1.44675 6.00645 4.26249 2.40803 1.74396 1.11192
internal_count=241 227 148 79 43 105 63 44 42 42
is_linear=0
shrinkage=0.05


Tree=6
num_leaves=10
num_cat=0
split_feature=7 13 8 2 6 9 1 8 1
split_gain=5.12734 3.08069 4.6539 3.06328 3.82413 1.01376 2.10505 0.913111 0.000573555
threshold=-0.062499999999999993 -1.3722316370416078e-05 0.0082226083645077792 0.0040783992222394845 -0.31249999999999994 -0.0035215120808015817 0.0017028636840607776 0.0045346921185752649 0.0023954375052622078
decision_type=2 2 2 2 2 2 2 2 2
left_child=3 2 7 4 8 6 -3 -2 -1
right_child=1 5 -4 -5 -6 -7 -8 -9 -10
leaf_value=0.057451127246486815 0.060573729849718184 -0.13152357331700901 -0.10159145175004865 -0.11554333457030388 -0.082699874006681828 -0.13357366609257337 -0.045585751130392434 -0.023630034006246067 0.059394541935948765
leaf_weight=0.86385678127408072 0.71054481714963846 1.5119592882692807 1.8111802190542219 0.56964861229062069 0.69889561086893182 2.7414440624415874 1.3477915134280918 0.58871506713330746 0.67732231318950653
leaf_count=39 25 17 31 13 18 30 26 16 26
internal_value=-0.070748 -0.0896909 -0.0497908 -0.012015 0.0143121 -0.111848 -0.0910213 0.0224197 0.0583052
internal_weight=11.5214 8.71163 3.11044 2.80972 2.24007 5.60119 2.85975 1.29926 1.54118
internal_count=241 145 72 96 83 73 43 41 65
is_linear=0
shrinkage=0.05


Tree=7
num_leaves=9
num_cat=0
split_feature=14 14 13 9 1 8 9 2
split_gain=2.99747 3.71207 4.06135 4.51199 2.65711 2.38901 2.10308 0.000718751
threshold=0.56589154305290224 2.1892711193861714 -1.3722316370416078e-05 -0.0024288048505839363 0.0019443544908852829 0.007530039549211073 -0.0031884761554717869 0.0027380350746674868
decision_type=2 2 2 2 2 2 2 2
left_child=-1 2 3 7 6 -6 -4 -2
right_child=1 -3 4 -5 5 -7 -8 -9
leaf_value=-0.13021548599457911 0.059245657523219447 -0.15033984179162485 -0.12391750138381258 -0.058561886741841568 0.022421479522260038 -0.081159317944851969 -0.050749702254773321 0.061384088719871999
leaf_weight=1.5254596173763282 0.8377653267234566 0.93270844779908735 2.3530186153948285 1.6190937664359788 1.2039011623710396 1.0354556441307066 1.6856536343693735 0.74005265906453133
leaf_count=20 33 13 30 33 34 21 32 25
internal_value=-0.06476 -0.0551661 -0.0457972 7.63956e-05 -0.0691571 -0.0254732 -0.0933789 0.0602487
internal_weight=11.9331 10.4076 9.47494 3.19691 6.27803 2.23936 4.03867 1.57782
internal_count=241 221 208 91 117 55 62 58
is_linear=0
shrinkage=0.05


Tree=8
num_leaves=10
num_cat=0
split_feature=9 11 3 0 0 9 3 2 6
split_gain=2.08367 2.6126 4.15646 3.36601 2.64651 2.08812 1.71633 1.17728 0.0034931
threshold=-0.0035215120808015817 190.4757142857143 1.4610573495564345 0.017379270564345843 0.063201704854328661 -0.0012121699599406501 0.76250451664448671 0.00201488584768022 0.18750000000000003
decision_type=2 2 2 2 2 2 2 2 2
left_child=1 3 8 -1 -5 7 -7 -2 -3
right_child=5 2 -4 4 -6 6 -8 -9 -10
leaf_value=0.016459316680714285 -0.073912825492383927 0.058265918269615691 -0.096737616204586693 -0.13599699178469499 -0.045144611612563085 -0.083152218754826659 0.011439704038548059 -0.12696209084606369 0.06349451703499967
leaf_weight=1.0632789507508276 2.1234750263392925 0.71442728117108323 0.62167335301637638 1.4587319009006026 1.7792717125266788 0.98400288075208642 0.93542189709842205 2.0607749279588461 0.5777616985142231
leaf_count=31 37 30 11 14 35 15 25 25 18
internal_value=-0.059482 -0.0391036 0.00949507 -0.0607277 -0.0860739 -0.0802326 -0.0370533 -0.10004 0.0606037
internal_weight=12.3188 6.21514 1.91386 4.30128 3.238 6.10367 1.91942 4.18425 1.29219
internal_count=241 139 59 80 49 102 40 62 48
is_linear=0
shrinkage=0.05


Tree=9
num_leaves=10
num_cat=0
split_feature=7 0 0 1 7 2 14 13 7
split_gain=3.87039 4.074 4.05963 1.47721 1.23153 1.49649 2.16635 1.2208 0.00140888
threshold=-0.062499999999999993 0.017379270564345843 0.055375160686540734 0.0018433216462749736 0.27083333333333343 0.0014529904773547425 1.5054232392640083 8.1223510676279575e-05 -0.60416666666666663
decision_type=2 2 2 2 2 2 2 2 2
left_child=2 3 7 -2 -3 -6 -7 -1 -4
right_child=1 4 8 -5 5 6 -8 -9 -10
leaf_value=-0.094328379875170149 -0.036275808085345855 -0.11232869290463628 0.057944039704209985 0.062120247348384783 -0.10125527462257829 -0.014115516039156279 -0.10101851731539098 -0.0081144158650761841 0.061218605892169112
leaf_weight=0.95784727111458889 0.96664922684430965 2.7102916873991472 0.76507998071610928 0.6300668977200985 2.3071583490818739 1.8512512594461443 1.170588109642267 0.71870740130543709 0.57561138272285439
leaf_count=21 20 26 33 21 25 39 14 22 20
internal_value=-0.0549249 -0.0703989 -0.00550639 0.00255144 -0.0848878 -0.0709316 -0.0477797 -0.0573701 0.0593499
internal_weight=12.6533 9.63601 3.01725 1.59672 8.03929 5.329 3.02184 1.67655 1.34069
internal_count=241 145 96 41 104 78 53 43 53
is_linear=0
shrinkage=0.05


Tree=10
num_leaves=10
num_cat=0
split_feature=0 1 8 13 12 2 9 11 1
split_gain=3.08458 3.99159 3.18333 2.43906 2.29606 2.01677 2.4171 1.26999 0.000401448
threshold=0.016720531208926585 0.0010691187390334813 0.001793401918100524 -0.00049030589475081534 0.68750000000000011 0.0026375058635257037 -0.0050943912158026702 268.04642857142875 0.0020952796131253784
decision_type=2 2 2 2 2 2 2 2 2
left_child=2 -2 -1 -3 5 6 -5 8 -4
right_child=1 3 7 4 -6 -7 -8 -9 -10
leaf_value=-0.07863644140512982 0.020775875801148033 -0.013353593555963876 0.062368662789897715 -0.15232902225805481 -0.032293723571279791 -0.053509449122668376 -0.081000489697080014 -0.030407302698827368 0.060543514234886867
leaf_weight=1.0055747777223598 1.1436512973159541 1.2463239133357982 0.63983553275465943 2.4708480350673172 1.4692404344677923 1.6239084191620348 2.2870581280440119 0.5452433843165635 0.56939505785703659
leaf_count=16 32 29 21 23 28 28 32 15 21
internal_value=-0.0546212 -0.0672646 -0.00770832 -0.0783324 -0.0886475 -0.101621 -0.118042 0.0329441 0.0615092
internal_weight=13.0011 10.241 2.76005 9.09738 7.85106 6.38181 4.75791 1.75447 1.20923
internal_count=245 172 73 140 111 83 55 57 42
is_linear=0
shrinkage=0.05


Tree=11
num_leaves=10
num_cat=0
split_feature=14 0 6 1 1 6 11 8 7
split_gain=2.6676 5.3509 3.18843 2.50757 2.38443 1.49662 1.31521 1.10306 0.00114954
threshold=0.56589154305290224 0.016720531208926585 -0.93749999999999989 0.0011927960993829776 0.0029260636560007208 0.93750000000000011 274.85428571428594 0.011025374142111893 0.22916666666666671
decision_type=2 2 2 2 2 2 2 2 2
left_child=-1 6 7 -4 5 -5 8 -3 -2
right_child=1 2 3 4 -6 -7 -8 -9 -10
leaf_value=-0.099663269584880199 0.059491576668423266 0.060175039317546399 -0.0065884344563250374 -0.062102933383181708 -0.026667187386238436 -0.11899269646933244 -0.030468533125163955 -0.036952268849672593 0.062435758759511066
leaf_weight=2.2995402738451967 0.55405530333518871 0.69617272354662219 1.3683489263057707 1.8356070611625908 1.5377542451024053 3.1228283494710922 0.54532064497470845 0.50390451028943062 0.82552308961749077
leaf_count=24 22 27 31 27 28 30 15 14 27
internal_value=-0.0506908 -0.0404433 -0.056521 -0.0681048 -0.0810626 -0.0979322 0.0352687 0.0193919 0.0612533
internal_weight=13.2891 10.9895 9.06462 7.86454 6.49619 4.95844 1.9249 1.20008 1.37958
internal_count=245 221 157 116 85 57 64 41 49
is_linear=0
shrinkage=0.05


end of trees

feature_importances:
volatility_20=15
structure_bias_48=12
volatility_50=11
nearest_bull_fvg_dist=11
range_expansion=11
primary_proba=10
nearest_bear_fvg_dist=10
body_momentum_8=7
atr_14=6
displacement_ratio=5
structure_bias_16=4
liquidity_swept_sell=1
htf_alignment=1
buying_pressure_8=1

parameters:
[boosting: gbdt]
[objective: binary]
[metric: binary_logloss]
[tree_learner: serial]
[device_type: cpu]
[data_sample_strategy: bagging]
[data: ]
[valid: ]
[num_iterations: 500]
[learning_rate: 0.05]
[num_leaves: 31]
[num_threads: 0]
[seed: 0]
[deterministic: 0]
[force_col_wise: 0]
[force_row_wise: 0]
[histogram_pool_size: -1]
[max_depth: -1]
[min_data_in_leaf: 20]
[min_sum_hessian_in_leaf: 0.001]
[bagging_fraction: 0.8]
[pos_bagging_fraction: 1]
[neg_bagging_fraction: 1]
[bagging_freq: 5]
[bagging_seed: 3]
[bagging_by_query: 0]
[feature_fraction: 0.8]
[feature_fraction_bynode: 1]
[feature_fraction_seed: 2]
[extra_trees: 0]
[extra_seed: 6]
[early_stopping_round: 0]
[early_stopping_min_delta: 0]
[first_metric_only: 0]
[max_delta_step: 0]
[lambda_l1: 0]
[lambda_l2: 0]
[linear_lambda: 0]
[min_gain_to_split: 0]
[drop_rate: 0.1]
[max_drop: 50]
[skip_drop: 0.5]
[xgboost_dart_mode: 0]
[uniform_drop: 0]
[drop_seed: 4]
[top_rate: 0.2]
[other_rate: 0.1]
[min_data_per_group: 100]
[max_cat_threshold: 32]
[cat_l2: 10]
[cat_smooth: 10]
[max_cat_to_onehot: 4]
[top_k: 20]
[monotone_constraints: ]
[monotone_constraints_method: basic]
[monotone_penalty: 0]
[feature_contri: ]
[forcedsplits_filename: ]
[refit_decay_rate: 0.9]
[cegb_tradeoff: 1]
[cegb_penalty_split: 0]
[cegb_penalty_feature_lazy: ]
[cegb_penalty_feature_coupled: ]
[path_smooth: 0]
[interaction_constraints: ]
[verbosity: -1]
[saved_feature_importance_type: 0]
[use_quantized_grad: 0]
[num_grad_quant_bins: 4]
[quant_train_renew_leaf: 0]
[stochastic_rounding: 1]
[linear_tree: 0]
[max_bin: 255]
[max_bin_by_feature: ]
[min_data_in_bin: 3]
[bin_construct_sample_cnt: 200000]
[data_random_seed: 1]
[is_enable_sparse: 1]
[enable_bundle: 1]
[use_missing: 1]
[zero_as_missing: 0]
[feature_pre_filter: 1]
[pre_partition: 0]
[two_round: 0]
[header: 0]
[label_column: ]
[weight_column: ]
[group_column: ]
[ignore_column: ]
[categorical_feature: ]
[forcedbins_filename: ]
[precise_float_parser: 0]
[parser_config_file: ]
[objective_seed: 5]
[num_class: 1]
[is_unbalance: 0]
[scale_pos_weight: 0.201893]
[sigmoid: 1]
[boost_from_average: 1]
[reg_sqrt: 0]
[alpha: 0.9]
[fair_c: 1]
[poisson_max_delta_step: 0.7]
[tweedie_variance_power: 1.5]
[lambdarank_truncation_level: 30]
[lambdarank_norm: 1]
[label_gain: ]
[lambdarank_position_bias_regularization: 0]
[eval_at: ]
[multi_error_top_k: 1]
[auc_mu_weights: ]
[num_machines: 1]
[local_listen_port: 12400]
[time_out: 120]
[machine_list_filename: ]
[machines: ]
[gpu_platform_id: -1]
[gpu_device_id: -1]
[gpu_use_dp: 0]
[num_gpu: 1]

end of parameters

pandas_categorical:null
